image: ./area02.pgm
resolution: 0.010000
origin: [-6.205480, -4.679341, 0.000000]
negate: 0
occupied_thresh: 0.65
free_thresh: 0.196

