image: ./area00.pgm
resolution: 0.010000
origin: [-5.502496, -5.564782, 0.000000]
negate: 0
occupied_thresh: 0.65
free_thresh: 0.196

