image: ./pmap.pgm
resolution: 0.010000
origin: [-5.521647, -5.736578, 0.000000]
negate: 0
occupied_thresh: 0.65
free_thresh: 0.196

